100
1 33 91
40 87 40
1 74 90
36 40 86
22 54 27
73 84 88
63 91 42
56 42 53
91 98 85
97 30 5
20 56 90
61 64 17
76 69 24
81 82 41
90 47 17
16 71 46
54 97 83
38 25 97
48 49 27
9 34 18
69 51 65
71 15 50
96 35 53
24 62 91
10 76 97
39 80 5
34 16 6
88 66 80
58 65 94
56 86 44
41 12 54
25 49 33
46 10 98
95 41 99
39 2 81
84 67 62
80 3 33
79 78 2
70 84 1
59 3 60
74 31 99
29 65 44
7 28 18
96 52 84
94 62 82
37 49 60
4 6 5
25 47 56
94 19 29
3 61 47
94 13 39
9 56 8
96 54 77
13 52 94
13 13 97
47 34 34
5 9 82
76 35 79
9 36 20
77 65 35
54 98 38
9 78 67
70 4 71
17 65 44
10 66 73
5 60 71
91 46 90
32 55 30
59 82 85
28 68 40
12 24 17
75 88 39
85 78 62
72 84 90
2 13 12
99 84 29
70 55 67
69 96 53
21 73 97
85 71 43
88 29 20
55 96 91
71 24 99
81 18 67
9 6 74
91 54 40
20 86 5
42 43 39
99 93 69
81 17 79
98 5 32
88 53 75
30 55 72
35 38 20
75 50 51
94 16 63
21 85 69
15 8 55
25 51 88
21 8 19
300
43 52 41
6 68 15
44 23 6
3 64 55
63 19 80
47 85 9
33 3 14
48 15 63
89 66 11
17 25 95
47 5 22
81 61 12
46 49 51
24 35 59
52 58 93
69 44 88
1 40 82
79 17 76
47 39 57
50 35 79
57 68 51
96 72 38
24 16 26
52 83 76
32 27 100
31 80 14
7 37 32
9 81 53
84 17 76
25 39 2
20 58 21
47 41 35
19 69 62
75 2 99
85 38 19
29 3 85
51 51 12
7 37 65
81 90 66
75 84 47
80 29 15
69 66 28
42 79 23
15 76 7
6 19 68
30 59 38
51 49 59
31 61 7
38 91 64
50 4 26
93 12 78
18 83 77
9 27 19
22 91 6
36 24 88
64 35 84
10 67 54
73 78 20
66 56 15
17 45 55
76 86 68
56 4 95
97 42 39
86 41 56
15 76 22
6 81 41
26 16 89
64 6 97
62 12 86
1 12 50
91 39 41
98 29 69
4 34 74
26 66 91
92 47 60
16 40 52
52 92 99
92 41 52
67 90 18
66 40 19
80 17 70
35 99 19
96 23 42
25 75 87
25 54 23
83 79 60
27 64 56
79 62 58
61 76 45
62 78 44
91 70 20
88 85 99
66 40 72
30 55 8
22 31 83
45 4 36
39 52 70
68 44 44
95 67 35
17 45 82
53 95 88
91 45 32
71 78 57
8 92 53
34 65 56
70 72 100
95 17 90
68 10 49
78 55 18
89 62 26
21 50 73
46 92 94
12 8 87
89 98 53
12 8 60
30 55 26
58 99 9
24 37 94
93 95 83
22 50 73
6 8 24
30 37 38
54 5 44
46 17 32
76 41 10
7 63 1
16 17 96
59 18 75
89 28 23
40 52 7
11 52 66
90 3 23
68 68 33
99 29 13
37 85 38
99 81 14
74 81 17
89 76 17
54 38 51
65 76 57
96 7 76
83 28 87
69 55 45
41 40 83
69 65 98
64 50 16
37 92 9
44 52 89
8 67 22
58 92 26
91 48 16
50 58 11
3 61 49
81 71 22
45 10 22
45 84 68
7 94 92
31 25 70
72 9 99
69 4 28
42 87 48
31 15 82
20 62 31
34 12 58
67 58 22
84 59 90
90 95 8
48 7 7
21 35 44
64 45 18
57 96 81
54 72 75
60 27 14
18 83 87
82 8 70
41 12 81
60 16 36
71 86 45
47 99 24
44 96 16
92 66 80
59 67 88
3 97 22
98 58 83
2 93 100
76 33 68
86 3 88
16 9 86
57 35 38
62 73 97
47 14 48
57 16 83
38 81 100
86 45 17
7 98 53
64 45 33
51 61 93
87 48 78
45 71 76
70 9 62
63 55 40
87 5 8
46 86 27
28 14 49
89 19 74
98 50 25
98 43 24
23 13 29
99 28 77
4 40 55
4 30 6
71 12 43
1 33 90
18 99 52
96 36 92
76 53 53
93 77 35
14 88 13
43 69 49
96 45 74
98 44 100
50 25 99
59 84 6
90 95 100
77 13 97
68 5 35
3 33 27
10 52 67
34 97 53
49 65 21
37 67 3
14 67 86
84 1 6
38 54 66
96 22 38
7 87 84
54 1 74
8 54 100
79 1 74
95 74 54
11 74 47
50 54 32
41 27 77
46 42 41
58 36 27
1 4 69
43 39 65
73 86 86
78 83 90
41 3 91
6 28 42
67 56 4
74 61 52
40 64 69
99 62 26
45 63 56
80 81 12
13 30 73
74 67 63
72 92 57
19 4 28
80 59 50
89 98 48
58 73 82
70 18 15
28 78 26
48 36 99
95 28 55
3 91 60
36 39 82
54 12 78
8 99 39
24 15 97
45 57 95
43 96 48
81 94 87
59 16 90
72 44 92
28 26 80
4 65 78
11 76 40
38 50 33
45 33 83
79 87 44
39 56 2
8 47 100
46 93 33
26 60 96
66 87 100
90 11 77
78 3 8
26 88 95
46 93 15
48 73 10
91 80 56
4 88 79
22 45 30
44 33 50
99 82 54
55 8 24
500
35 34 17
12 35 47
96 95 88
6 22 65
67 30 17
23 13 16
42 37 23
56 70 65
93 8 48
49 30 87
17 45 80
17 28 41
24 21 85
20 74 9
73 84 26
14 78 65
78 61 36
76 38 55
40 58 62
59 47 16
79 96 55
12 53 81
69 45 77
59 27 25
95 59 94
58 45 19
91 80 75
50 91 84
69 72 36
69 27 87
17 7 63
72 3 83
98 59 19
50 92 81
6 87 21
35 74 15
20 4 6
61 14 45
34 58 92
98 30 12
12 94 85
59 47 97
2 38 66
50 21 58
46 91 44
97 14 98
28 80 62
37 63 100
41 2 53
9 20 10
91 50 64
82 51 58
88 49 63
9 15 91
62 23 75
10 70 48
79 38 11
25 61 72
80 90 64
74 11 100
19 95 100
97 7 4
38 14 52
51 74 62
15 22 18
4 61 80
70 23 8
64 52 31
37 31 62
42 91 3
41 81 83
15 9 87
79 58 79
55 90 54
57 72 36
7 50 43
25 43 20
57 16 59
97 15 89
97 76 13
42 51 64
80 50 14
36 82 45
13 94 78
11 41 96
6 8 65
80 56 18
58 60 95
72 69 93
87 33 29
26 83 70
5 12 66
45 41 77
20 57 18
9 28 92
83 47 24
59 38 47
53 55 53
86 69 26
24 98 49
83 36 3
56 99 79
75 2 91
57 88 6
58 55 12
86 65 74
14 85 14
34 8 4
86 8 40
2 81 36
77 16 75
37 71 55
40 19 10
56 21 11
73 36 77
82 27 65
43 84 10
43 5 2
65 52 10
55 70 75
61 77 13
16 84 49
27 3 3
70 88 50
74 50 90
19 93 88
35 75 58
56 59 31
6 64 37
19 30 66
74 76 36
67 92 37
63 7 31
59 43 40
2 77 56
63 51 57
26 16 69
34 83 98
27 5 29
65 39 22
61 22 40
61 90 93
58 55 34
27 90 93
9 62 24
67 35 95
37 24 91
98 14 82
2 55 76
42 82 9
79 81 14
32 15 51
95 55 55
43 34 78
63 82 99
79 37 13
88 5 72
87 77 39
69 13 10
63 37 11
54 24 76
78 45 42
37 40 29
5 48 12
35 3 97
40 97 40
10 46 73
70 56 84
20 65 55
98 57 45
14 32 29
69 45 47
37 36 44
22 70 36
48 64 60
23 68 4
94 37 62
39 44 100
2 45 87
30 36 87
61 22 40
97 62 22
96 35 8
16 78 25
71 57 26
32 58 52
30 75 22
57 19 18
69 26 10
68 22 53
98 92 35
97 7 54
47 50 59
13 22 96
91 40 54
31 67 87
9 56 23
60 33 96
58 20 85
24 3 45
99 65 77
18 29 95
10 95 29
27 88 29
34 49 70
66 87 76
4 9 58
6 3 99
38 58 12
38 21 63
45 12 46
87 44 85
65 62 16
34 86 81
99 79 95
33 5 98
32 32 15
88 86 63
10 32 82
2 99 22
93 59 99
22 55 94
55 14 38
71 4 24
5 57 73
16 64 39
99 86 30
68 51 59
14 17 25
31 39 10
9 46 46
48 44 58
89 12 68
89 90 25
9 34 72
86 18 61
95 48 99
39 38 92
12 38 1
94 19 43
28 46 84
26 47 38
75 66 30
25 45 21
50 6 71
81 2 25
33 84 34
72 30 36
19 58 5
34 93 27
97 65 5
58 86 20
46 71 61
1 14 77
78 53 42
74 86 84
94 97 22
32 37 42
70 90 82
38 49 62
69 57 29
3 25 62
84 33 1
71 33 97
97 57 42
9 93 92
25 92 21
54 8 37
95 23 87
42 44 18
21 81 4
84 21 73
54 11 11
60 67 67
67 66 72
32 18 29
96 76 29
2 76 22
63 4 83
63 37 13
74 11 85
62 59 83
34 51 80
86 25 62
27 97 33
75 63 76
33 8 32
38 16 77
67 83 80
22 62 65
17 54 84
16 80 66
12 96 96
50 65 45
94 64 54
28 62 24
19 7 33
97 71 32
7 64 6
92 95 53
43 53 71
38 20 2
44 81 46
62 19 21
77 35 93
60 49 42
80 97 6
17 37 94
31 22 52
63 28 69
70 9 45
19 20 57
65 93 99
4 4 76
71 29 36
23 17 33
40 10 83
50 32 58
48 54 79
31 49 47
33 85 90
70 65 9
9 8 48
50 76 43
95 76 60
9 18 1
90 6 7
59 32 32
24 11 46
76 15 97
55 92 82
27 10 47
83 94 43
13 59 60
66 85 11
78 65 10
46 91 79
52 5 47
69 63 94
63 44 83
28 84 49
29 19 43
57 12 7
7 24 52
35 25 96
35 13 5
61 5 3
34 67 50
87 96 15
22 29 20
58 50 45
87 64 62
98 44 44
47 66 19
89 87 33
65 41 70
85 70 45
51 14 43
7 12 69
6 24 62
62 75 62
31 99 99
47 94 93
42 26 12
93 15 36
29 61 80
57 33 59
67 94 75
87 57 31
42 7 16
98 41 46
45 37 12
30 53 29
28 89 43
34 41 36
4 2 66
4 2 27
77 12 61
67 38 55
70 43 3
34 40 10
13 66 33
82 92 50
26 16 63
62 12 100
19 82 62
61 71 89
27 57 68
32 93 54
91 68 34
97 38 31
82 16 27
38 8 14
83 2 16
61 78 88
41 44 48
55 53 31
18 31 39
5 13 35
80 78 54
19 53 57
25 2 97
26 85 65
70 78 17
56 25 91
38 23 80
64 34 66
81 69 48
45 11 5
61 81 98
93 86 52
45 85 71
93 5 9
75 76 28
7 73 41
47 9 96
87 67 95
96 57 45
30 89 45
83 53 96
9 12 9
4 18 26
81 15 82
13 71 87
77 31 86
52 39 77
84 72 53
16 67 19
42 34 44
67 3 15
47 30 10
54 40 99
44 47 63
85 18 9
62 33 78
87 59 24
18 74 15
30 60 82
89 54 3
60 31 85
9 25 63
92 15 36
86 94 58
35 28 14
56 35 65
50 33 30
33 71 80
26 39 86
32 12 14
28 92 12
67 21 1
73 90 63
48 18 69
30 62 60
59 83 13
32 3 58
8 2 47
15 96 36
93 47 47
92 37 96
56 12 64
90 17 15
72 59 88
9 46 79
26 48 33
44 69 40
51 77 47
54 25 75
40 25 85
1 63 97
24 13 21
40 11 63
31 86 33
52 53 51
65 67 7
25 93 20
56 18 7
81 46 71
6 71 9
41 23 81
85 29 5
95 33 49
9 40 98
7 81 89
92 64 87
14 33 76
2 56 99
1 78 22
77 22 94
72 54 23
92 24 76
9 27 54
26 99 70
33 84 53
67 91 75
69 9 56
77 52 76
31 40 25
78 37 2
27 79 14
0
