10
60 65 20
40 80 90
15 80 55
60 50 70
35 25 15
85 30 20
75 25 10
80 30 90
60 70 10
65 35 55
30
40 30 80
25 60 45
5 70 30
45 20 40
70 70 35
75 75 50
50 10 10
50 25 35
65 25 55
90 65 70
90 50 15
85 10 15
10 95 95
25 30 90
25 65 5
85 90 90
90 75 15
35 20 85
55 40 45
25 10 60
10 55 60
30 10 25
90 55 35
35 10 90
75 80 20
20 45 60
25 70 35
80 95 20
35 60 25
90 65 40
50
15 30 30
40 30 95
65 35 10
95 75 70
40 25 50
30 65 55
60 65 60
35 95 30
5 25 75
55 35 65
70 75 90
25 55 80
15 50 65
15 55 95
55 55 50
20 20 30
65 40 25
15 35 65
70 60 35
25 30 80
65 15 15
55 35 5
55 95 20
30 30 70
65 15 60
35 55 15
50 75 20
20 30 80
95 35 70
15 50 20
35 5 100
45 25 20
85 35 85
25 95 75
90 20 70
70 90 85
15 25 95
75 90 40
85 25 90
85 35 100
30 80 80
30 90 75
50 50 95
95 95 85
5 90 30
40 15 65
30 45 25
5 15 65
15 25 60
80 60 55
0
